( 1960 : 30 64 6 )
( 1965 : 26 68 6 )
( 1970 : 24 69 7 )
( 1975 : 24 68 8 )
( 1980 : 23 68 9 )
( 1985 : 22 68 10 )
( 1990 : 18 70 12 )
( 1995 : 16 69 15 )
( 2000 : 15 68 17 )
( 2005 : 14 66 20 )
( 2010 : 13 64 23 )
( 2015 : 13 61 26 )
( 2020 : 12 59 29 )
( 2021 : 12 59 29 )
( 2030 : 10 58 32 )
( 2040 : 10 54 36 )
( 2050 : 10 52 38 )
( 2060 : 9 51 40 )