( 1960 : 42 55 3 )
( 1965 : 44 53 3 )
( 1970 : 43 54 3 )
( 1975 : 39 58 3 )
( 1980 : 34 62 4 )
( 1985 : 30 66 4 )
( 1990 : 26 69 5 )
( 1995 : 23 71 6 )
( 2000 : 21 72 7 )
( 2005 : 19 72 9 )
( 2010 : 16 73 11 )
( 2015 : 14 73 13 )
( 2020 : 12 72 16 )
( 2025 : 11 69 20 )
( 2030 : 10 65 25 )
( 2035 : 10 61 29 )
( 2040 : 10 56 34 )
( 2045 : 9 54 37 )
( 2050 : 9 51 40 )
( 2055 : 8 50 42 )
( 2060 : 8 48 44 )